<<<<<<< HEAD
-246.961023765 
-246.961023765 
-246.961023765 
-246.961023765 
-246.961023765 
-246.961023765 
-246.961023765 
-246.961023765 
-246.961023765 
-246.961023765 
-246.961023765 
-246.961023765 
-246.961023765 
-246.961023765 
-246.961023765 
-246.961023765 
-246.961023765 
-246.961023765 
-246.961023765 
-246.961023765 
-246.961023765 
-246.961023765 
-246.961023765 
-246.961023765 
-246.961023765 
-246.961023765 
-246.961023765 
-246.961023765 
-246.961023765 
-246.961023765 
-246.961023765 
-246.961023765 
-246.961023765 
-246.961023765 
-246.961023765 
-246.961023765 
-246.961023765 
-246.961023765 
-246.961023765 
-246.961023765 
-246.961023765 
-246.961023765 
-246.961023765 
-246.961023765 
-246.961023765 
-246.961023765 
=======
-246.961023765 
-246.961023765 
-246.961023765 
-246.961023765 
-246.961023765 
-246.961023765 
-246.961023765 
-246.961023765 
-246.961023765 
-246.961023765 
-246.961023765 
-246.961023765 
-246.961023765 
-246.961023765 
-246.961023765 
-246.961023765 
-246.961023765 
-246.961023765 
-246.961023765 
-246.961023765 
-246.961023765 
-246.961023765 
-246.961023765 
-246.961023765 
-246.961023765 
-246.961023765 
-246.961023765 
-246.961023765 
-246.961023765 
-246.961023765 
-246.961023765 
-246.961023765 
-246.961023765 
-246.961023765 
-246.961023765 
-246.961023765 
-246.961023765 
-246.961023765 
-246.961023765 
-246.961023765 
-246.961023765 
-246.961023765 
-246.961023765 
-246.961023765 
-246.961023765 
-246.961023765 
>>>>>>> 7798c2dc6080938b6265d50a0f1c36df11d3dd8c
