19.4765743055 | 100 ;
23.9687351133 | 100 ;
31.6628250449 | 96.685911833 ;
38.9376245091 | 0.0374091433961 ;
40.5402047266 | 100 ;
42.5809639719 | 79.2765123082 ;
46.2282805406 | 0 ;
47.1042297593 | 41.7479243082 ;
45.2066302561 | 100 ;
47.9804089917 | 0 ;
49.0029090502 | 11.009773256 ;
46.5202380676 | 100 ;
47.6883236793 | 28.1313738751 ;
51.4874296899 | 0 ;
50.4641675074 | 40.9261238131 ;
49.1490060811 | 68.104205208 ;
50.9026699742 | 0 ;
52.8035143821 | 0 ;
50.7564960753 | 61.4849948298 ;
50.171864574 | 33.6638615885 ;
52.072292038 | 0 ;
52.364761716 | 0 ;
50.3180128368 | 67.1686601076 ;
51.9260668262 | 0 ;
52.2185236676 | 0 ;
51.0488502843 | 33.3443916576 ;
49.2951095131 | 74.3790682107 ;
51.6336356531 | 0 ;
53.3886078505 | 0 ;
51.9260668262 | 26.3840189824 ;
50.6103285866 | 42.3401638133 ;
51.4874296899 | 0 ;
52.364761716 | 0 ;
50.171864574 | 70.1217664859 ;
50.6103285866 | 0 ;
52.364761716 | 0 ;
50.6103285866 | 51.9378305818 ;
50.0257227181 | 31.4566069976 ;
52.511006184 | 0 ;
52.072292038 | 0 ;
50.6103285866 | 43.686605717 ;
51.0488502843 | 0 ;
51.1950370064 | 0 ;
49.5873355836 | 62.3453299297 ;
49.8795872683 | 10.4844012634 ;
52.072292038 | 0 ;
50.6103285866 | 42.8957881789 ;
50.171864574 | 23.8543267746 ;
51.4874296899 | 0 ;
51.1950370064 | 4.37211305578 ;
49.7334582238 | 55.573424792 ;
49.8795872683 | 13.2104677387 ;
51.9260668262 | 0 ;
50.6103285866 | 38.3394788924 ;
50.171864574 | 22.9536477831 ;
51.1950370064 | 0 ;
50.4641675074 | 25.5805841296 ;
50.3180128368 | 13.097791168 ;
50.4641675074 | 3.51418742763 ;
50.0257227181 | 24.7012156754 ;
49.2951095131 | 43.0915044305 ;
49.5873355836 | 13.2114110805 ;
52.2185236676 | 0 ;
50.6103285866 | 44.8678514172 ;
50.171864574 | 22.1705992729 ;
