20.9250027983 | 100 ;
25.5641720553 | 100 ;
32.9711233606 | 44.3055656999 ;
36.60796844 | 100 ;
39.6659748573 | 77.9100483948 ;
44.4770714211 | 0 ;
44.6229704363 | 92.5533304942 ;
43.7476719413 | 100 ;
49.441219347 | 0 ;
51.9260668262 | 0 ;
48.4185849198 | 100 ;
48.8568184194 | 21.4170219976 ;
51.6336356531 | 0 ;
49.8795872683 | 71.6169623579 ;
50.171864574 | 5.8172523713 ;
52.072292038 | 0 ;
50.4641675074 | 58.0642945275 ;
50.171864574 | 22.9484109264 ;
52.2185236676 | 0 ;
50.7564960753 | 48.8244252125 ;
50.3180128368 | 24.6476412504 ;
52.511006184 | 0 ;
52.072292038 | 0 ;
49.8795872683 | 83.1812378904 ;
50.6103285866 | 0 ;
53.0960482687 | 0 ;
51.1950370064 | 53.9634745176 ;
51.7798480315 | 0 ;
51.9260668262 | 0 ;
50.7564960753 | 37.9290115022 ;
49.2951095131 | 68.7100178472 ;
52.6572570724 | 0 ;
52.9497781139 | 0 ;
51.6336356531 | 28.1887020793 ;
50.7564960753 | 28.062234845 ;
50.9026699742 | 0 ;
51.1950370064 | 0 ;
49.8795872683 | 54.0685776217 ;
50.171864574 | 1.42682703608 ;
50.3180128368 | 3.57077245556 ;
49.7334582238 | 34.300159191 ;
49.1490060811 | 43.1915163103 ;
51.3412301413 | 0 ;
51.3412301413 | 0 ;
49.1490060811 | 91.1499538808 ;
51.9260668262 | 0 ;
53.8274954168 | 0 ;
52.072292038 | 33.0161659431 ;
50.3180128368 | 59.2549267076 ;
52.8035143821 | 0 ;
53.9738041272 | 0 ;
52.511006184 | 16.2223400556 ;
51.4874296899 | 18.1762295406 ;
50.6103285866 | 26.8469350781 ;
50.6103285866 | 0.44235269114 ;
51.0488502843 | 0 ;
49.8795872683 | 46.3420973128 ;
50.171864574 | 0 ;
50.4641675074 | 0 ;
48.8568184194 | 74.9022846311 ;
49.7334582238 | 0 ;
52.072292038 | 0 ;
50.4641675074 | 50.4748239238 ;
50.6103285866 | 0 ;
51.6336356531 | 0 ;
49.8795872683 | 63.3027104101 ;
49.8795872683 | 10.6993207758 ;
52.9497781139 | 0 ;
50.9026699742 | 56.1884571651 ;
51.1950370064 | 0 ;
52.6572570724 | 0 ;
50.9026699742 | 46.6995813121 ;
51.9260668262 | 0 ;
51.7798480315 | 0 ;
50.171864574 | 52.6818861794 ;
51.6336356531 | 0 ;
52.9497781139 | 0 ;
51.1950370064 | 40.8702615774 ;
51.7798480315 | 0 ;
51.7798480315 | 0 ;
50.0257227181 | 57.8536892617 ;
51.4874296899 | 0 ;
53.3886078505 | 0 ;
51.6336356531 | 32.7839507777 ;
52.511006184 | 0 ;
52.2185236676 | 0 ;
50.171864574 | 62.7259146863 ;
50.9026699742 | 0 ;
53.6811931345 | 0 ;
51.3412301413 | 53.0957841773 ;
52.9497781139 | 0 ;
52.2185236676 | 0 ;
50.7564960753 | 34.6400134618 ;
50.171864574 | 17.0618235652 ;
50.9026699742 | 0 ;
50.6103285866 | 1.48921018111 ;
49.8795872683 | 25.6203897864 ;
49.8795872683 | 3.71621214712 ;
50.171864574 | 0 ;
48.710734188 | 65.2505301173 ;
49.1490060811 | 1.82203243565 ;
50.9026699742 | 0 ;
49.7334582238 | 41.1843403705 ;
50.4641675074 | 0 ;
50.6103285866 | 0 ;
49.2951095131 | 52.0843498829 ;
49.1490060811 | 19.3300812057 ;
52.2185236676 | 0 ;
51.6336356531 | 0 ;
49.2951095131 | 82.4391206406 ;
50.6103285866 | 0 ;
53.6811931345 | 0 ;
51.7798480315 | 31.1419062918 ;
51.9260668262 | 0 ;
50.7564960753 | 24.1365706365 ;
49.5873355836 | 41.7235698985 ;
51.4874296899 | 0 ;
51.7798480315 | 0 ;
50.6103285866 | 25.8078025033 ;
50.171864574 | 10.4273200372 ;
50.171864574 | 0 ;
50.0257227181 | 3.82014508088 ;
49.441219347 | 25.8223582013 ;
49.0029090502 | 28.1607840668 ;
50.3180128368 | 0 ;
49.7334582238 | 21.5821552897 ;
49.0029090502 | 37.0697933542 ;
49.5873355836 | 0 ;
50.9026699742 | 0 ;
47.2502436533 | 100 ;
51.3412301413 | 0 ;
53.8274954168 | 0 ;
52.2185236676 | 14.4191265957 ;
50.9026699742 | 25.2279898265 ;
50.7564960753 | 0 ;
50.9026699742 | 0 ;
50.0257227181 | 24.9622722339 ;
50.7564960753 | 0 ;
49.5873355836 | 40.2529015706 ;
49.8795872683 | 0 ;
50.7564960753 | 0 ;
49.441219347 | 46.816536814 ;
48.710734188 | 40.4234569918 ;
50.4641675074 | 0 ;
51.7798480315 | 0 ;
49.441219347 | 77.4577001389 ;
50.6103285866 | 0 ;
53.8274954168 | 0 ;
51.3412301413 | 52.5197778327 ;
51.6336356531 | 0 ;
53.0960482687 | 0 ;
51.3412301413 | 29.6657262802 ;
50.9026699742 | 0 ;
51.9260668262 | 0 ;
51.0488502843 | 7.1417385075 ;
49.441219347 | 53.252451527 ;
49.7334582238 | 0 ;
51.7798480315 | 0 ;
50.3180128368 | 35.4519790381 ;
50.0257227181 | 4.74612013093 ;
50.6103285866 | 0 ;
49.7334582238 | 26.6159268469 ;
49.441219347 | 13.5443825168 ;
49.5873355836 | 0 ;
49.0029090502 | 29.0961299717 ;
48.710734188 | 24.9045926405 ;
50.3180128368 | 0 ;
50.4641675074 | 0 ;
49.1490060811 | 49.0304332033 ;
48.5646563551 | 36.086629631 ;
51.1950370064 | 0 ;
52.072292038 | 0 ;
49.441219347 | 83.9335914438 ;
50.7564960753 | 0 ;
53.5348972793 | 0 ;
52.072292038 | 8.45892477888 ;
51.0488502843 | 10.4783189137 ;
49.8795872683 | 32.4099639325 ;
50.3180128368 | 0 ;
50.6103285866 | 0 ;
49.7334582238 | 25.7308500569 ;
49.441219347 | 12.6593057269 ;
47.5422906124 | 89.712588888 ;
51.7798480315 | 0 ;
54.2664408355 | 0 ;
52.364761716 | 16.1963762936 ;
52.2185236676 | 0 ;
50.7564960753 | 26.6845621266 ;
50.9026699742 | 0 ;
50.7564960753 | 0 ;
49.5873355836 | 35.2489812392 ;
49.5873355836 | 0.236066150615 ;
50.3180128368 | 0 ;
48.126461239 | 88.1290581422 ;
50.171864574 | 0 ;
53.0960482687 | 0 ;
52.072292038 | 0 ;
49.0029090502 | 100 ;
52.072292038 | 0 ;
55.8764027009 | 0 ;
52.8035143821 | 42.149064168 ;
52.511006184 | 0 ;
52.8035143821 | 0 ;
51.9260668262 | 0 ;
50.3180128368 | 34.3527674311 ;
51.3412301413 | 0 ;
51.1950370064 | 0 ;
49.0029090502 | 71.3706668044 ;
50.4641675074 | 0 ;
53.5348972793 | 0 ;
51.0488502843 | 48.7419321963 ;
51.1950370064 | 0 ;
52.8035143821 | 0 ;
50.6103285866 | 45.8425896805 ;
51.0488502843 | 0 ;
51.7798480315 | 0 ;
50.0257227181 | 41.0117000899 ;
50.0257227181 | 0 ;
51.1950370064 | 0 ;
50.171864574 | 16.6820921766 ;
49.441219347 | 18.9497715176 ;
50.171864574 | 0 ;
49.2951095131 | 25.60466793 ;
49.1490060811 | 6.00431963086 ;
49.441219347 | 0 ;
49.0029090502 | 17.1953617788 ;
48.4185849198 | 30.5778510048 ;
49.441219347 | 0 ;
49.441219347 | 0 ;
48.4185849198 | 44.1320063667 ;
48.5646563551 | 7.09506050897 ;
50.3180128368 | 0 ;
48.710734188 | 57.6500834847 ;
48.8568184194 | 3.02941084484 ;
51.4874296899 | 0 ;
49.441219347 | 59.8929368043 ;
50.171864574 | 0 ;
52.2185236676 | 0 ;
49.8795872683 | 61.7587033503 ;
51.4874296899 | 0 ;
52.364761716 | 0 ;
50.4641675074 | 39.1922802058 ;
51.0488502843 | 0 ;
51.9260668262 | 0 ;
49.5873355836 | 65.1045321787 ;
50.171864574 | 0 ;
52.2185236676 | 0 ;
50.6103285866 | 27.3934447615 ;
50.0257227181 | 5.45099800626 ;
50.3180128368 | 0 ;
49.5873355836 | 16.4231443017 ;
49.1490060811 | 14.355303406 ;
49.5873355836 | 0 ;
49.2951095131 | 7.94828220153 ;
48.2725198814 | 45.4571555308 ;
49.5873355836 | 0 ;
49.7334582238 | 0 ;
49.1490060811 | 19.3952678821 ;
48.126461239 | 48.1572523097 ;
49.7334582238 | 0 ;
50.6103285866 | 0 ;
48.4185849198 | 79.0370060792 ;
50.171864574 | 0 ;
52.6572570724 | 0 ;
50.7564960753 | 34.7010159974 ;
50.4641675074 | 0 ;
50.4641675074 | 0 ;
49.7334582238 | 14.8457633791 ;
