30.4654647647 
39.2348738019 
42.7442053149 
43.9256719575 
45.3278236327 
45.8812104312 
47.0458227948 
47.8366298295 
48.0197442015 
49.4573577682 
49.4533696931 
49.8940491978 
50.743412612 
50.9688652226 
51.5530864343 
51.968576654 
52.0412405044 
52.6637945546 
53.0373448174 
52.88969399 
53.6202176042 
54.0822406915 
53.7338633804 
54.3965468416 
54.7749834297 
54.4417490168 
55.1397662643 
55.0055915353 
55.171725504 
55.6280024777 
55.3823851538 
55.7930258978 
56.231373419 
55.7597288147 
56.3933818936 
56.5303403944 
56.186146933 
56.6539821599 
56.9442316538 
56.5743027943 
56.9588241002 
57.1293701322 
56.956920734 
57.372578315 
57.4532286277 
57.3033513213 
57.4635083517 
57.7565573036 
57.5888347024 
57.6623193867 
58.0086965227 
57.7824494008 
57.9531645977 
58.2150295466 
57.9924493721 
58.1144318714 
58.4986869504 
58.327372503 
58.200177711 
58.7307594259 
58.554926222 
58.3226121313 
58.8984126672 
58.6675345751 
58.5184911904 
59.0406166657 
58.815568945 
58.6526807183 
59.1876518386 
59.0509647834 
58.7567225894 
59.3925342292 
59.2151422967 
58.846357367 
59.5109489299 
59.2263798011 
58.9105378602 
59.6296853316 
59.4165977867 
59.0411880334 
59.7480449819 
59.7006752169 
59.1260054714 
59.8078613869 
59.8300864401 
59.2039683186 
59.8257684181 
59.6989607743 
59.3607883777 
59.6463849625 
59.7636657227 
59.7286144068 
59.7885574613 
59.766840679 
59.8175768919 
59.848438096 
59.8119888855 
59.8827921603 
59.9261003777 
59.9277514352 
59.885459219 
59.9911907686 
60.0209740164 
59.9142254877 
60.0950840238 
60.0505670174 
59.9791886397 
60.1479209593 
60.0853677077 
60.0260543412 
60.1574469385 
60.1876127194 
60.0510115495 
60.2032355261 
60.2286386208 
60.0987673406 
60.2009492571 
60.296529344 
60.1619559115 
60.1968847828 
60.3482898075 
60.2458493277 
60.1809444706 
60.4739154875 
60.3600392275 
60.1081661676 
60.4502253474 
60.4424768663 
60.1132466257 
60.4727087471 
60.4724546965 
60.1406177271 
60.514309789 
60.4599427303 
60.1631625391 
60.5505126462 
60.5916700576 
60.06968195 
60.5266314189 
60.6576627118 
60.0759689452 
60.3117080958 
60.8206492228 
60.1875492122 
60.2617264427 
60.933906054 
60.4039887773 
60.2823032965 
60.5636600972 
60.308532619 
60.448510518 
60.5564194656 
60.2635681929 
60.4822991701 
60.6635062054 
60.1042923235 
60.5982756156 
60.7534464894 
60.153573037 
60.4817910675 
60.8055951843 
60.0277054484 
60.4795046069 
60.9498499785 
60.1643056604 
60.39382698 
60.8560296579 
59.9209567035 
60.5963701648 
60.8283985857 
60.1468413501 
60.5328557648 
60.7343911412 
60.2680773099 
60.6911359065 
60.4564495501 
60.3063732965 
60.7025689534 
60.5697574835 
60.0738732788 
60.9480713696 
60.6273656328 
60.1686876291 
60.3154551623 
60.5846834241 
60.3919216465 
60.1887558491 
60.6746850912 
60.3636593274 
60.0864472969 
60.7056812897 
60.3867772514 
60.250739471 
60.7376305427 
60.4072913681 
60.1708468621 
60.6365118917 
60.4417782337 
60.0870823496 
60.7754873117 
60.3437805817 
60.0068126521 
60.8502493456 
60.3876664056 
60.2201285624 
60.915484882 
60.2525177068 
60.4057035837 
60.8561566978 
60.0357069797 
60.7103815581 
60.7723113917 
59.9132094563 
60.8729895332 
60.6768446531 
59.9861104971 
61.0556153985 
60.664077852 
59.7220740754 
60.710000455 
60.7600523689 
59.8025908961 
60.6330185259 
60.6876424833 
60.071015554 
60.6121219239 
time spent: 177.509087801s