19.8748299701 | 100 ;
20.9575996158 | 100 ;
24.0412385384 | 100 ;
28.4632800683 | 100 ;
33.560024284 | 100 ;
38.580790729 | 100 ;
43.3575086166 | 100 ;
48.0570856242 | 100 ;
52.4269148304 | 100 ;
56.381505756 | 91.0230461247 ;
60.1722254578 | 57.3760510369 ;
63.2922813223 | 40.2595410057 ;
65.4020878843 | 39.8262526473 ;
66.753068333 | 41.817663593 ;
67.0908994275 | 58.9932497892 ;
67.8511452324 | 43.157383009 ;
68.4425680507 | 40.7753577529 ;
69.0340963908 | 34.9545542768 ;
69.372159984 | 36.7059972844 ;
69.372159984 | 43.53005315 ;
69.372159984 | 43.5928371516 ;
69.4566812702 | 41.1115304386 ;
69.7947879713 | 32.6792763325 ;
70.1329291708 | 29.2838814524 ;
70.1329291708 | 36.0334125253 ;
70.0483906362 | 38.5647294997 ;
69.8793200366 | 41.958144792 ;
69.8793200366 | 38.5888007964 ;
70.1329291708 | 30.9672338533 ;
70.4711048791 | 25.8470348004 ;
70.4711048791 | 32.5634384785 ;
69.9638542581 | 47.7845716827 ;
69.9638542581 | 37.6431738369 ;
69.2876408531 | 58.0008119016 ;
68.9495858795 | 54.7232344216 ;
68.9495858795 | 48.0671763617 ;
69.1186090567 | 43.08462014 ;
69.0340963908 | 49.0970540219 ;
69.2876408531 | 39.8717027496 ;
69.2876408531 | 45.0138279103 ;
69.0340963908 | 52.7167521402 ;
69.372159984 | 37.5667390998 ;
68.9495858795 | 57.1102755109 ;
68.5270656375 | 61.4816941171 ;
68.6115653779 | 50.6351405273 ;
68.4425680507 | 57.5507983463 ;
69.6257303091 | 18.7134110193 ;
69.6257303091 | 42.4140831564 ;
69.5412047118 | 44.9957306042 ;
69.1186090567 | 56.0712274056 ;
69.7102580622 | 29.8988183324 ;
70.1329291708 | 29.0383722673 ;
70.0483906362 | 40.0231114137 ;
70.4711048791 | 25.6038029468 ;
69.1186090567 | 74.7211015711 ;
68.7805713204 | 57.93426008 ;
69.6257303091 | 25.8561626621 ;
70.3865577163 | 19.8958644485 ;
70.3020127107 | 37.6185614894 ;
70.5556541995 | 28.2628512935 ;
70.8938730587 | 23.0997279876 ;
70.7247593132 | 34.8650416053 ;
70.7247593132 | 31.410290764 ;
70.8093151069 | 28.7926854423 ;
70.3865577163 | 43.1278672626 ;
70.1329291708 | 42.2682828986 ;
70.8093151069 | 16.8232023949 ;
