23.1241854703 | 100 ;
28.7972555917 | 100 ;
36.7389685542 | 100 ;
43.2736476842 | 100 ;
48.6449983714 | 100 ;
53.6885080959 | 100 ;
58.2342066503 | 100 ;
62.1957115162 | 100 ;
66.2463861944 | 100 ;
69.7102580622 | 100 ;
72.9239117697 | 100 ;
76.3100784505 | 100 ;
79.2758206287 | 93.510556445 ;
81.8200054681 | 77.3178542802 ;
83.5172183076 | 77.9334440525 ;
84.4510575102 | 84.4174190134 ;
85.7249007245 | 65.306416564 ;
86.8292962881 | 57.9684843132 ;
86.7443296495 | 82.9309617782 ;
88.2740643116 | 35.5121827121 ;
87.3391421099 | 94.4206277941 ;
88.7841336852 | 32.4940231326 ;
88.8691529242 | 58.9563621761 ;
89.1242238047 | 53.0921981607 ;
89.2942820297 | 53.1624408177 ;
89.2942820297 | 56.6341771147 ;
89.2942820297 | 56.7047489118 ;
90.0596526971 | 33.73766362 ;
88.8691529242 | 84.8731548626 ;
90.655063974 | 7.42032151323 ;
89.8045093818 | 68.674729337 ;
89.8045093818 | 51.6831865549 ;
90.8252012555 | 20.9799102183 ;
89.2942820297 | 87.3918962634 ;
90.5699986294 | 18.4450138934 ;
89.5493858275 | 74.6227913617 ;
89.9746027294 | 41.4565679937 ;
90.2297592213 | 42.2832353526 ;
90.0596526971 | 52.4835956469 ;
90.0596526971 | 49.0754998932 ;
90.3998745316 | 38.828857405 ;
89.8045093818 | 63.5137976508 ;
90.8252012555 | 20.9032183183 ;
89.9746027294 | 66.8375513023 ;
90.5699986294 | 31.9067039174 ;
90.2297592213 | 53.9988282383 ;
90.3998745316 | 42.0505933141 ;
90.3148157781 | 47.9731805473 ;
90.3148157781 | 46.2405238995 ;
90.655063974 | 35.9675716251 ;
90.2297592213 | 55.508702202 ;
90.2297592213 | 46.9796312258 ;
90.9953473279 | 23.912453295 ;
89.6344248169 | 80.0884482754 ;
91.2505829223 | 4.26019660112 ;
89.4643490333 | 90.2239404758 ;
90.3998745316 | 26.3935102936 ;
90.3998745316 | 45.0640328065 ;
90.0596526971 | 55.2647225718 ;
90.655063974 | 30.5324411774 ;
90.2297592213 | 55.1768333742 ;
90.3998745316 | 41.5272915581 ;
90.740131516 | 34.6478750805 ;
90.0596526971 | 61.8614140658 ;
90.655063974 | 30.3239929834 ;
90.484935482 | 47.2875797332 ;
90.0596526971 | 56.6375281704 ;
90.8252012555 | 25.0828955949 ;
90.740131516 | 42.8719457963 ;
90.0596526971 | 61.5789503036 ;
91.4207509778 | 6.99435040681 ;
89.8895549577 | 80.163241128 ;
91.5058383039 | 0.90023650965 ;
90.5699986294 | 61.2440938057 ;
90.9102731928 | 32.2280360944 ;
90.8252012555 | 41.5031653559 ;
90.3998745316 | 52.5215408737 ;
90.9102731928 | 28.6120192404 ;
90.5699986294 | 48.9712295035 ;
90.484935482 | 44.6691391093 ;
90.9102731928 | 30.116717518 ;
90.0596526971 | 64.1361213353 ;
90.740131516 | 26.6353337027 ;
90.484935482 | 47.8522975525 ;
90.2297592213 | 50.3806887714 ;
90.9102731928 | 24.7707170931 ;
90.144704861 | 61.333575991 ;
90.740131516 | 28.0853965534 ;
90.3998745316 | 50.1616517322 ;
90.144704861 | 50.9971316761 ;
90.9953473279 | 20.2749295243 ;
90.144704861 | 62.7925823833 ;
