3.68639928235 
3.68531977857 
3.68487975432 
3.68520476815 
3.68506974027 
3.68515838041 
3.69762073977 
3.69597595286 
3.69059725274 
3.73732744447 
2.24365853678 
2.01100023973 
2.01100023973 
2.01100023973 
2.01100023973 
2.01100023973 
2.01100023973 
2.01100023973 
2.01100023973 
2.01100023973 
2.01100023973 
2.01100023973 
2.01100023973 
2.45131965674 
2.16079421533 
2.46555919386 
2.01100023973 
2.01100023973 
2.01100023973 
2.01100023973 
2.01100023973 
2.01100023973 
2.45022516983 
2.21345688328 
2.01100023973 
2.07904535714 
2.04504811991 
2.01100023973 
2.01100023973 
2.01100023973 
2.01100023973 
2.01100023973 
2.01100023973 
3.63815429725 
3.70546044722 
3.69471563279 
3.70453095442 
3.69665786459 
3.69839075224 
3.69782319168 
3.69124038815 
3.69062979607 
3.69070932647 
3.69234746088 
3.70786937322 
3.70343940421 
3.73388330479 
3.71849270451 
3.72839588715 
3.69796858787 
3.7173382252 
3.72434786783 
3.69698090064 
