25.0625 | 100 ;
25.0625 | 100 ;
25.0625 | 100 ;
25.0625 | 100 ;
25.0625 | 100 ;
25.0 | 100 ;
25.0625 | 100 ;
25.0625 | 100 ;
25.0 | 100 ;
25.0625 | 100 ;
25.0625 | 100 ;
25.0625 | 100 ;
25.0 | 100 ;
25.0625 | 100 ;
25.0625 | 100 ;
25.0625 | 100 ;
25.125 | 100 ;
25.0625 | 100 ;
25.0625 | 100 ;
25.125 | 100 ;
25.125 | 100 ;
25.0625 | 100 ;
25.125 | 100 ;
25.125 | 100 ;
25.0625 | 100 ;
25.125 | 100 ;
25.125 | 100 ;
25.125 | 100 ;
25.125 | 100 ;
25.125 | 100 ;
25.125 | 100 ;
25.5625 | 100 ;
25.75 | 100 ;
26.0625 | 100 ;
26.4375 | 100 ;
26.8125 | 100 ;
27.0625 | 100 ;
27.3125 | 100 ;
27.6875 | 100 ;
27.875 | 100 ;
28.0625 | 100 ;
28.1875 | 100 ;
28.375 | 100 ;
28.4375 | 100 ;
28.5625 | 100 ;
28.625 | 100 ;
28.625 | 100 ;
28.6875 | 100 ;
28.75 | 100 ;
28.8125 | 100 ;
28.8125 | 100 ;
28.875 | 100 ;
29.0 | 100 ;
29.0 | 100 ;
29.0 | 100 ;
29.0625 | 100 ;
29.0625 | 100 ;
29.125 | 100 ;
29.25 | 100 ;
29.25 | 100 ;
29.25 | 100 ;
29.375 | 100 ;
29.375 | 100 ;
29.375 | 100 ;
29.375 | 100 ;
29.4375 | 100 ;
29.375 | 100 ;
29.375 | 100 ;
29.4375 | 100 ;
29.4375 | 100 ;
29.4375 | 100 ;
29.4375 | 100 ;
29.4375 | 100 ;
29.5 | 100 ;
29.4375 | 100 ;
29.5 | 100 ;
29.5 | 100 ;
29.5 | 100 ;
29.5 | 100 ;
29.5 | 100 ;
29.5625 | 100 ;
29.5625 | 100 ;
29.5625 | 100 ;
29.5625 | 100 ;
29.5625 | 100 ;
29.5625 | 100 ;
29.625 | 100 ;
29.5625 | 100 ;
29.5625 | 100 ;
29.5625 | 100 ;
29.5625 | 100 ;
29.625 | 100 ;
29.625 | 100 ;
29.625 | 100 ;
29.625 | 100 ;
29.625 | 100 ;
29.625 | 100 ;
29.625 | 100 ;
29.625 | 100 ;
29.625 | 100 ;
29.625 | 100 ;
29.625 | 100 ;
29.625 | 100 ;
29.625 | 100 ;
29.625 | 100 ;
29.625 | 100 ;
29.625 | 100 ;
29.625 | 100 ;
29.6875 | 100 ;
29.625 | 100 ;
29.6875 | 100 ;
29.625 | 100 ;
29.625 | 100 ;
29.6875 | 100 ;
29.625 | 100 ;
29.625 | 100 ;
29.5 | 100 ;
29.3125 | 100 ;
29.1875 | 100 ;
29.125 | 100 ;
29.0 | 100 ;
28.9375 | 100 ;
28.875 | 100 ;
28.875 | 100 ;
28.8125 | 100 ;
28.75 | 100 ;
28.6875 | 100 ;
28.625 | 100 ;
28.625 | 100 ;
28.5625 | 100 ;
28.5625 | 100 ;
28.5 | 100 ;
28.4375 | 100 ;
28.4375 | 100 ;
28.375 | 100 ;
28.375 | 100 ;
28.3125 | 100 ;
28.3125 | 100 ;
28.25 | 100 ;
28.25 | 100 ;
28.25 | 100 ;
28.25 | 100 ;
28.25 | 100 ;
28.3125 | 100 ;
28.5 | 100 ;
28.5625 | 100 ;
28.75 | 100 ;
29.0625 | 100 ;
29.3125 | 100 ;
29.625 | 100 ;
30.0 | 100 ;
30.6875 | 100 ;
31.5 | 100 ;
32.375 | 100 ;
33.375 | 100 ;
34.3125 | 100 ;
35.375 | 100 ;
36.25 | 100 ;
37.6875 | 100 ;
38.5625 | 100 ;
39.4375 | 100 ;
40.3125 | 100 ;
41.125 | 100 ;
41.9375 | 100 ;
42.6875 | 100 ;
43.5625 | 100 ;
44.375 | 100 ;
45.0625 | 100 ;
45.875 | 100 ;
46.5625 | 100 ;
47.3125 | 100 ;
47.9375 | 100 ;
48.625 | 100 ;
49.25 | 100 ;
49.875 | 100 ;
50.5 | 100 ;
51.0625 | 100 ;
51.6875 | 100 ;
52.5625 | 100 ;
53.25 | 100 ;
54.375 | 100 ;
55.375 | 100 ;
56.375 | 100 ;
57.25 | 100 ;
58.0 | 100 ;
58.6875 | 100 ;
59.3125 | 100 ;
59.8125 | 100 ;
60.3125 | 100 ;
60.875 | 100 ;
61.3125 | 100 ;
61.75 | 100 ;
62.1875 | 100 ;
62.5625 | 100 ;
62.9375 | 100 ;
63.375 | 100 ;
63.8125 | 100 ;
64.25 | 100 ;
64.8125 | 100 ;
65.1875 | 100 ;
65.5625 | 100 ;
66.0 | 100 ;
66.3125 | 100 ;
66.6875 | 100 ;
67.0 | 100 ;
67.375 | 100 ;
67.75 | 100 ;
68.0625 | 100 ;
68.4375 | 100 ;
68.8125 | 100 ;
69.1875 | 100 ;
69.5 | 100 ;
69.875 | 100 ;
70.125 | 99.353125 ;
70.5625 | 78.6921875 ;
70.875 | 73.7265625 ;
71.25 | 59.5078125 ;
71.75 | 39.9515625 ;
72.125 | 33.4546875 ;
72.4375 | 25.590625 ;
72.75 | 15.046875 ;
73.0625 | 4.4484375 ;
73.375 | 0 ;
73.625 | 0 ;
73.9375 | 0 ;
74.125 | 0 ;
74.3125 | 0 ;
74.4375 | 0 ;
74.5625 | 0 ;
74.6875 | 0 ;
74.6875 | 0 ;
74.8125 | 0 ;
74.875 | 0 ;
74.8125 | 0 ;
74.8125 | 0 ;
74.75 | 0 ;
74.6875 | 0 ;
74.5625 | 0 ;
74.5 | 0 ;
74.375 | 0 ;
74.1875 | 0 ;
74.0 | 0 ;
73.8125 | 0 ;
73.6875 | 0 ;
73.4375 | 0 ;
73.1875 | 0 ;
72.9375 | 0 ;
72.6875 | 0 ;
72.4375 | 0 ;
72.125 | 0 ;
71.8125 | 0 ;
71.5 | 0 ;
71.125 | 0 ;
70.75 | 0 ;
70.5625 | 0 ;
70.1875 | 0 ;
69.75 | 0 ;
69.4375 | 0 ;
69.125 | 0 ;
68.75 | 0 ;
68.375 | 0 ;
68.0625 | 0 ;
67.6875 | 0 ;
67.375 | 0 ;
67.0625 | 0 ;
66.75 | 0 ;
66.4375 | 0 ;
66.125 | 0 ;
65.8125 | 2.8515625 ;
65.5 | 6.7015625 ;
65.25 | 6.6578125 ;
64.875 | 17.1796875 ;
64.5625 | 18.56875 ;
64.25 | 22.6375 ;
63.875 | 30.709375 ;
63.4375 | 40.1703125 ;
63.1875 | 35.2375 ;
62.8125 | 46.1203125 ;
62.5625 | 43.921875 ;
62.3125 | 47.0171875 ;
62.0625 | 50.15625 ;
61.8125 | 53.3390625 ;
61.5625 | 56.565625 ;
61.375 | 55.8875 ;
61.125 | 61.815625 ;
60.9375 | 61.2140625 ;
60.75 | 63.2703125 ;
60.625 | 61.4109375 ;
60.4375 | 66.146875 ;
60.375 | 60.39375 ;
60.25 | 63.85 ;
60.25 | 56.80625 ;
60.1875 | 58.9609375 ;
60.125 | 58.5015625 ;
60.125 | 54.1046875 ;
60.125 | 52.3328125 ;
60.125 | 50.5609375 ;
60.1875 | 44.840625 ;
60.25 | 41.734375 ;
60.1875 | 46.5140625 ;
60.3125 | 34.209375 ;
60.375 | 33.70625 ;
60.5 | 26.61875 ;
60.5 | 30.03125 ;
60.5625 | 24.2453125 ;
60.6875 | 17.125 ;
60.75 | 16.55625 ;
60.8125 | 13.3515625 ;
60.875 | 10.1359375 ;
61.1875 | 0 ;
60.25 | 61.509375 ;
58.6875 | 100 ;
57.6875 | 100 ;
57.0 | 100 ;
56.625 | 100 ;
56.375 | 100 ;
56.4375 | 92.0796875 ;
57.25 | 42.2484375 ;
58.0625 | 23.775 ;
58.8125 | 9.1078125 ;
59.5 | 0 ;
60.125 | 0 ;
60.625 | 0 ;
61.0625 | 0 ;
61.375 | 0 ;
61.6875 | 0 ;
61.9375 | 0 ;
62.125 | 0 ;
62.3125 | 0 ;
62.5 | 0 ;
62.625 | 0 ;
62.6875 | 0 ;
62.75 | 0 ;
62.75 | 0 ;
62.8125 | 0 ;
62.75 | 0 ;
62.6875 | 0 ;
62.625 | 0 ;
62.5 | 0 ;
62.4375 | 0 ;
62.25 | 0 ;
61.9375 | 0 ;
61.6875 | 0 ;
61.5 | 0 ;
61.375 | 0 ;
61.25 | 0 ;
61.0625 | 0 ;
60.9375 | 0 ;
60.75 | 0 ;
60.5625 | 0 ;
60.375 | 0 ;
60.125 | 0 ;
59.9375 | 0 ;
59.6875 | 0 ;
59.375 | 0 ;
59.125 | 0 ;
58.9375 | 0 ;
58.6875 | 0 ;
58.4375 | 0 ;
58.25 | 0 ;
58.0625 | 0 ;
57.875 | 0 ;
57.6875 | 0 ;
57.5625 | 0 ;
57.25 | 1.746875 ;
57.0625 | 0 ;
56.8125 | 5.88125 ;
56.5625 | 9.9828125 ;
56.3125 | 14.128125 ;
56.125 | 14.36875 ;
55.9375 | 17.2671875 ;
55.6875 | 24.146875 ;
55.5 | 24.496875 ;
55.25 | 31.453125 ;
55.0 | 35.828125 ;
54.875 | 32.35 ;
54.6875 | 38.0921875 ;
54.5 | 41.2421875 ;
54.375 | 40.4765625 ;
54.25 | 42.3578125 ;
54.125 | 44.2609375 ;
53.9375 | 50.134375 ;
53.8125 | 49.4671875 ;
53.75 | 47.4984375 ;
53.625 | 52.1140625 ;
53.5625 | 50.178125 ;
53.5 | 50.878125 ;
53.5 | 47.640625 ;
53.4375 | 50.9765625 ;
53.5 | 43.8015625 ;
53.5 | 45.8140625 ;
53.5 | 45.2015625 ;
53.5625 | 40.640625 ;
53.625 | 38.69375 ;
53.75 | 32.7875 ;
53.8125 | 33.4328125 ;
53.9375 | 27.49375 ;
54.0 | 28.10625 ;
54.0 | 30.03125 ;
54.1875 | 17.4859375 ;
54.25 | 20.6796875 ;
54.4375 | 10.715625 ;
54.5 | 13.865625 ;
54.625 | 7.80625 ;
54.75 | 4.35 ;
54.875 | 0.871875 ;
54.9375 | 1.3203125 ;
55.0625 | 0 ;
55.125 | 0 ;
55.25 | 0 ;
55.25 | 0 ;
55.3125 | 0 ;
55.375 | 0 ;
55.375 | 0 ;
55.3125 | 0 ;
54.9375 | 11.4703125 ;
54.625 | 14.5984375 ;
53.6875 | 59.890625 ;
53.0 | 63.303125 ;
52.5625 | 61.5421875 ;
52.4375 | 50.615625 ;
52.4375 | 44.9390625 ;
52.4375 | 44.5125 ;
52.4375 | 44.0859375 ;
52.4375 | 43.659375 ;
52.5625 | 35.3359375 ;
52.75 | 28.2921875 ;
52.9375 | 23.840625 ;
53.125 | 19.35625 ;
53.375 | 10.890625 ;
53.5625 | 8.9546875 ;
53.375 | 28.0515625 ;
53.0 | 43.2765625 ;
52.4375 | 62.5375 ;
52.5 | 34.5375 ;
52.625 | 28.828125 ;
52.8125 | 21.7734375 ;
53.0625 | 13.3625 ;
53.0 | 27.275 ;
53.0625 | 20.1765625 ;
53.0 | 26.2140625 ;
53.0625 | 19.115625 ;
53.125 | 17.25625 ;
53.0625 | 23.2828125 ;
53.0625 | 20.121875 ;
53.25 | 7.740625 ;
53.4375 | 3.2015625 ;
53.5625 | 2.578125 ;
53.6875 | 0 ;
53.875 | 0 ;
53.125 | 46.6453125 ;
51.875 | 93.5671875 ;
51.8125 | 44.6875 ;
51.9375 | 33.8484375 ;
52.0625 | 30.8625 ;
52.25 | 23.90625 ;
52.5 | 15.59375 ;
52.6875 | 13.8109375 ;
52.875 | 9.3703125 ;
53.125 | 0.9484375 ;
53.25 | 3.0046875 ;
53.3125 | 3.7375 ;
53.5 | 0 ;
53.625 | 0 ;
53.75 | 0 ;
53.8125 | 0 ;
53.875 | 0 ;
53.9375 | 0 ;
54.0 | 0 ;
53.9375 | 0 ;
53.9375 | 0 ;
53.8125 | 0 ;
53.75 | 0 ;
53.6875 | 0 ;
53.5625 | 0 ;
53.5 | 0 ;
53.3125 | 4.4375 ;
53.1875 | 3.8796875 ;
53.0625 | 5.96875 ;
52.9375 | 8.0796875 ;
52.75 | 14.1609375 ;
52.5625 | 17.65 ;
52.375 | 21.171875 ;
52.25 | 20.778125 ;
52.0625 | 26.9796875 ;
51.875 | 30.5890625 ;
51.75 | 30.2828125 ;
51.5625 | 36.571875 ;
51.4375 | 36.3203125 ;
51.3125 | 38.715625 ;
51.1875 | 41.1328125 ;
51.125 | 39.6234375 ;
51.0625 | 40.75 ;
51.0625 | 37.9390625 ;
51.125 | 33.8046875 ;
50.875 | 52.0265625 ;
50.625 | 57.1671875 ;
50.5 | 54.4546875 ;
50.5 | 49.1171875 ;
50.5625 | 45.08125 ;
50.5625 | 47.6078125 ;
50.375 | 59.3546875 ;
50.25 | 59.3109375 ;
50.25 | 54.0171875 ;
50.375 | 46.0765625 ;
50.5 | 43.3640625 ;
50.6875 | 36.68125 ;
50.9375 | 28.6421875 ;
51.1875 | 23.184375 ;
51.4375 | 17.6828125 ;
51.8125 | 4.240625 ;
51.9375 | 11.7765625 ;
52.1875 | 0.89375 ;
52.1875 | 11.0109375 ;
52.1875 | 10.628125 ;
52.25 | 6.296875 ;
52.3125 | 4.5796875 ;
52.1875 | 14.696875 ;
52.1875 | 9.0640625 ;
52.1875 | 8.68125 ;
52.25 | 4.35 ;
52.3125 | 2.6328125 ;
52.3125 | 4.853125 ;
52.3125 | 4.4484375 ;
52.3125 | 4.04375 ;
52.3125 | 3.6390625 ;
52.25 | 7.1828125 ;
52.3125 | 0.215625 ;
52.25 | 6.384375 ;
52.1875 | 7.3140625 ;
52.0625 | 12.203125 ;
52.0 | 10.540625 ;
51.9375 | 11.5140625 ;
51.875 | 12.4984375 ;
51.8125 | 13.49375 ;
51.75 | 14.5 ;
51.625 | 19.465625 ;
51.5625 | 17.8796875 ;
51.375 | 26.8265625 ;
51.375 | 18.7109375 ;
51.25 | 26.3671875 ;
51.1875 | 24.846875 ;
51.125 | 25.9625 ;
50.9375 | 34.9859375 ;
50.875 | 30.8953125 ;
50.8125 | 32.065625 ;
50.8125 | 29.2984375 ;
50.6875 | 37.053125 ;
50.625 | 35.63125 ;
50.5625 | 36.8453125 ;
50.5625 | 34.121875 ;
50.5625 | 34.0234375 ;
50.5625 | 33.925 ;
50.5625 | 33.8265625 ;
50.5625 | 33.728125 ;
50.5625 | 33.6296875 ;
50.625 | 29.5828125 ;
50.625 | 32.0984375 ;
50.6875 | 28.040625 ;
50.6875 | 30.5453125 ;
50.75 | 26.4765625 ;
50.8125 | 25.021875 ;
50.875 | 23.55625 ;
50.9375 | 22.0796875 ;
51.0 | 20.5921875 ;
51.0625 | 19.09375 ;
51.125 | 17.584375 ;
51.25 | 12.115625 ;
51.25 | 17.146875 ;
51.3125 | 12.9796875 ;
51.4375 | 7.478125 ;
51.5 | 8.528125 ;
51.5625 | 6.9421875 ;
51.625 | 5.3453125 ;
51.625 | 7.6859375 ;
51.6875 | 3.453125 ;
51.6875 | 5.7828125 ;
51.75 | 1.5390625 ;
51.75 | 3.8578125 ;
51.6875 | 7.5 ;
51.75 | 0.63125 ;
51.6875 | 6.8984375 ;
51.6875 | 3.978125 ;
51.625 | 7.63125 ;
51.5625 | 8.6703125 ;
51.625 | 1.8234375 ;
51.5 | 12.0609375 ;
51.4375 | 10.496875 ;
51.3125 | 15.5171875 ;
51.25 | 13.9859375 ;
51.1875 | 15.090625 ;
51.0625 | 20.1546875 ;
51.0 | 18.6671875 ;
50.8125 | 27.7125 ;
50.8125 | 19.6953125 ;
50.6875 | 27.45 ;
50.5625 | 29.9765625 ;
50.4375 | 32.525 ;
50.4375 | 27.1984375 ;
50.25 | 38.9671875 ;
50.1875 | 34.996875 ;
50.125 | 36.2875 ;
50.0625 | 37.5890625 ;
50.0 | 38.9015625 ;
50.0 | 36.2765625 ;
50.0 | 36.2765625 ;
50.0 | 36.2765625 ;
50.0 | 36.2765625 ;
50.0 | 36.2765625 ;
50.0 | 36.2765625 ;
50.0 | 36.2765625 ;
50.0 | 36.2765625 ;
50.0 | 36.2765625 ;
50.0 | 36.2765625 ;
49.6875 | 56.01875 ;
49.4375 | 58.7421875 ;
49.5 | 44.3921875 ;
49.5625 | 43.15625 ;
49.8125 | 30.0640625 ;
50.0 | 28.7515625 ;
50.25 | 20.8328125 ;
50.375 | 23.3921875 ;
50.5 | 20.6796875 ;
50.5625 | 21.89375 ;
50.6875 | 16.5234375 ;
50.875 | 9.8078125 ;
51.0625 | 5.684375 ;
51.3125 | 0 ;
51.4375 | 0 ;
51.625 | 0 ;
51.6875 | 0 ;
51.8125 | 0 ;
51.875 | 0 ;
52.0 | 0 ;
52.0 | 0 ;
52.0625 | 0 ;
52.125 | 0 ;
52.125 | 0 ;
52.0625 | 0 ;
52.0625 | 0 ;
52.0625 | 0 ;
52.0 | 0 ;
51.9375 | 0 ;
51.875 | 0 ;
51.75 | 0 ;
51.625 | 0.7953125 ;
51.5625 | 0 ;
51.4375 | 4.2078125 ;
51.3125 | 6.603125 ;
51.1875 | 9.0203125 ;
51.125 | 7.5109375 ;
50.9375 | 16.534375 ;
50.875 | 12.44375 ;
50.625 | 25.459375 ;
50.5625 | 18.7984375 ;
50.4375 | 23.971875 ;
50.3125 | 26.5421875 ;
50.125 | 33.0828125 ;
50.0 | 33.0828125 ;
49.9375 | 31.78125 ;
49.8125 | 37.0640625 ;
49.75 | 35.7953125 ;
49.625 | 41.1109375 ;
49.5625 | 39.875 ;
49.5 | 41.275 ;
49.5 | 38.7375 ;
49.4375 | 42.7734375 ;
49.375 | 44.1953125 ;
49.4375 | 37.73125 ;
49.375 | 44.403125 ;
49.4375 | 37.9390625 ;
49.4375 | 40.6625 ;
49.5 | 36.8125 ;
49.5625 | 35.5765625 ;
49.625 | 34.3296875 ;
49.6875 | 33.071875 ;
49.8125 | 27.8546875 ;
49.875 | 29.1890625 ;
50.0625 | 19.990625 ;
50.1875 | 19.9578125 ;
50.25 | 21.2265625 ;
50.375 | 15.9109375 ;
50.5 | 13.1984375 ;
50.625 | 10.4640625 ;
50.6875 | 11.65625 ;
50.8125 | 6.2640625 ;
50.9375 | 3.475 ;
51.0 | 4.6125 ;
51.125 | 0 ;
51.25 | 0 ;
51.25 | 1.353125 ;
51.375 | 0 ;
51.375 | 0 ;
51.4375 | 0 ;
51.375 | 0.3796875 ;
51.375 | 0 ;
51.4375 | 0 ;
51.375 | 0 ;
51.3125 | 0.7296875 ;
51.3125 | 0 ;
51.25 | 1.59375 ;
51.1875 | 2.6984375 ;
51.125 | 3.8140625 ;
51.0625 | 4.940625 ;
50.9375 | 10.0265625 ;
50.875 | 8.5609375 ;
50.6875 | 17.628125 ;
50.5625 | 17.5296875 ;
50.5 | 16.1296875 ;
50.375 | 21.3140625 ;
50.25 | 23.8953125 ;
50.125 | 26.4984375 ;
50.0625 | 25.175 ;
49.9375 | 30.4359375 ;
49.875 | 29.1453125 ;
49.75 | 34.4390625 ;
49.6875 | 33.18125 ;
49.625 | 34.559375 ;
49.5 | 39.896875 ;
49.4375 | 38.6828125 ;
49.4375 | 36.15625 ;
49.375 | 40.203125 ;
49.3125 | 41.6359375 ;
49.3125 | 39.13125 ;
49.3125 | 39.2515625 ;
49.3125 | 39.371875 ;
49.375 | 35.54375 ;
49.4375 | 34.3296875 ;
49.5 | 33.1046875 ;
49.5625 | 31.86875 ;
49.6875 | 26.6734375 ;
49.6875 | 31.978125 ;
49.8125 | 24.1359375 ;
49.875 | 25.4703125 ;
50.0 | 20.2203125 ;
50.0625 | 21.521875 ;
50.1875 | 16.2390625 ;
50.3125 | 13.559375 ;
50.375 | 14.80625 ;
50.5 | 9.46875 ;
50.5625 | 10.6828125 ;
50.6875 | 5.3125 ;
50.75 | 6.49375 ;
50.8125 | 5.0390625 ;
50.875 | 3.5734375 ;
51.0 | 0 ;
51.0 | 3.2234375 ;
51.0625 | 0 ;
51.0625 | 1.5390625 ;
51.0625 | 1.353125 ;
51.0625 | 1.1671875 ;
51.0625 | 0.98125 ;
51.0 | 4.74375 ;
50.9375 | 5.8921875 ;
50.8125 | 11.0 ;
50.75 | 9.55625 ;
50.6875 | 10.7484375 ;
50.625 | 11.9515625 ;
50.5 | 17.1140625 ;
50.5 | 11.7765625 ;
50.4375 | 15.6375 ;
50.3125 | 20.8328125 ;
50.25 | 19.4765625 ;
50.1875 | 20.75625 ;
50.0625 | 25.9953125 ;
49.9375 | 28.63125 ;
49.875 | 27.340625 ;
49.8125 | 28.6859375 ;
49.8125 | 26.09375 ;
49.75 | 30.075 ;
49.6875 | 31.4421875 ;
49.6875 | 28.871875 ;
49.625 | 32.875 ;
49.625 | 30.315625 ;
49.625 | 30.38125 ;
49.5625 | 34.3953125 ;
49.625 | 27.8984375 ;
49.625 | 30.5890625 ;
49.625 | 30.6546875 ;
49.625 | 30.7203125 ;
49.6875 | 26.8375 ;
49.75 | 25.56875 ;
49.75 | 28.2375 ;
49.75 | 28.28125 ;
49.875 | 20.428125 ;
49.9375 | 21.7515625 ;
50.0 | 20.4390625 ;
50.0625 | 19.115625 ;
50.125 | 17.78125 ;
50.1875 | 16.4359375 ;
50.25 | 15.0796875 ;
50.3125 | 13.7125 ;
50.375 | 12.334375 ;
50.5 | 6.996875 ;
50.5 | 12.159375 ;
50.5625 | 8.1234375 ;
50.5625 | 10.65 ;
50.625 | 6.603125 ;
50.625 | 9.11875 ;
50.6875 | 5.0609375 ;
50.625 | 11.5140625 ;
50.625 | 8.7796875 ;
50.6875 | 4.721875 ;
50.6875 | 7.2265625 ;
50.625 | 11.0546875 ;
50.625 | 8.3203125 ;
50.625 | 8.2109375 ;
50.5625 | 12.05 ;
50.4375 | 17.2234375 ;
50.25 | 23.7421875 ;
50.1875 | 19.771875 ;
50.0 | 28.959375 ;
49.8125 | 32.9296875 ;
49.6875 | 32.984375 ;
49.5 | 39.634375 ;
49.25 | 47.640625 ;
49.0 | 53.065625 ;
49.0 | 42.740625 ;
49.0 | 42.915625 ;
49.0625 | 39.1421875 ;
49.125 | 37.9828125 ;
49.1875 | 36.8125 ;
49.25 | 35.63125 ;
49.3125 | 34.4390625 ;
49.375 | 33.2359375 ;
49.125 | 51.7640625 ;
48.9375 | 53.2625 ;
49.0625 | 37.6765625 ;
49.1875 | 35.19375 ;
49.375 | 28.740625 ;
49.625 | 20.93125 ;
49.8125 | 19.6515625 ;
50.0625 | 11.765625 ;
50.3125 | 6.4609375 ;
50.5 | 5.0609375 ;
50.6875 | 1.003125 ;
50.875 | 0 ;
51.0 | 0 ;
51.0625 | 0 ;
51.25 | 0 ;
51.375 | 0 ;
51.4375 | 0 ;
51.5 | 0 ;
51.5625 | 0 ;
51.625 | 0 ;
51.5625 | 0 ;
51.5625 | 0 ;
51.5625 | 0 ;
51.5625 | 0 ;
51.1875 | 10.78125 ;
50.6875 | 26.4109375 ;
50.1875 | 36.878125 ;
49.75 | 43.484375 ;
49.5625 | 36.9984375 ;
49.5625 | 29.2 ;
49.5625 | 29.2765625 ;
49.5 | 33.3015625 ;
49.5 | 30.7640625 ;
49.5625 | 26.903125 ;
49.5625 | 29.6046875 ;
49.625 | 25.7328125 ;
49.6875 | 24.475 ;
49.75 | 23.20625 ;
49.8125 | 21.9265625 ;
49.875 | 20.6359375 ;
49.9375 | 19.334375 ;
49.9375 | 21.9703125 ;
50.0 | 18.0328125 ;
50.0625 | 16.709375 ;
50.125 | 15.375 ;
50.1875 | 14.0296875 ;
50.25 | 12.6734375 ;
50.25 | 15.2546875 ;
50.25 | 15.2109375 ;
50.25 | 15.1671875 ;
50.3125 | 11.175 ;
50.3125 | 13.7453125 ;
50.4375 | 5.79375 ;
50.4375 | 10.9671875 ;
50.4375 | 10.890625 ;
50.5 | 6.865625 ;
50.4375 | 13.3515625 ;
50.4375 | 10.65 ;
50.5 | 6.625 ;
50.4375 | 13.1109375 ;
50.5 | 6.4609375 ;
50.4375 | 12.946875 ;
50.4375 | 10.2453125 ;
50.375 | 14.1171875 ;
50.375 | 11.4265625 ;
50.3125 | 15.309375 ;
50.25 | 16.578125 ;
50.25 | 13.909375 ;
50.1875 | 17.8140625 ;
50.125 | 19.1046875 ;
50.125 | 16.4578125 ;
50.0625 | 20.384375 ;
50.0625 | 17.7484375 ;
50.0 | 21.6859375 ;
49.9375 | 23.009375 ;
49.875 | 24.34375 ;
49.875 | 21.740625 ;
49.8125 | 25.7109375 ;
49.75 | 27.0671875 ;
49.75 | 24.4859375 ;
49.6875 | 28.478125 ;
49.6875 | 25.9078125 ;
49.6875 | 25.9625 ;
49.6875 | 26.0171875 ;
49.6875 | 26.071875 ;
49.6875 | 26.1265625 ;
49.6875 | 26.18125 ;
49.6875 | 26.2359375 ;
49.75 | 22.3421875 ;
49.75 | 25.0109375 ;
49.8125 | 21.10625 ;
49.8125 | 23.7640625 ;
49.875 | 19.8484375 ;
49.9375 | 18.546875 ;
49.9375 | 21.1828125 ;
50.0 | 17.2453125 ;
50.0 | 19.8703125 ;
50.0625 | 15.921875 ;
50.125 | 14.5875 ;
50.1875 | 13.2421875 ;
50.25 | 11.8859375 ;
50.25 | 14.4671875 ;
50.375 | 6.5265625 ;
50.375 | 11.7109375 ;
50.375 | 11.6453125 ;
50.4375 | 7.63125 ;
50.4375 | 10.1796875 ;
50.4375 | 10.103125 ;
50.4375 | 10.0265625 ;
50.5 | 6.0015625 ;
50.4375 | 12.4875 ;
50.4375 | 9.7859375 ;
50.4375 | 9.709375 ;
50.4375 | 9.6328125 ;
50.375 | 13.5046875 ;
50.375 | 10.8140625 ;
50.3125 | 14.696875 ;
50.3125 | 12.0171875 ;
50.25 | 15.9109375 ;
50.1875 | 17.190625 ;
50.125 | 18.48125 ;
50.125 | 15.834375 ;
50.0625 | 19.7609375 ;
50.0 | 21.0734375 ;
50.0 | 18.4484375 ;
49.9375 | 22.396875 ;
49.875 | 23.73125 ;
49.875 | 21.128125 ;
49.875 | 21.15 ;
49.8125 | 25.1203125 ;
49.8125 | 22.528125 ;
49.75 | 26.509375 ;
49.75 | 23.928125 ;
49.75 | 23.971875 ;
49.6875 | 27.9640625 ;
49.6875 | 25.39375 ;
49.75 | 21.5 ;
49.6875 | 28.1171875 ;
49.6875 | 25.546875 ;
49.6875 | 25.6015625 ;
49.6875 | 25.65625 ;
49.6875 | 25.7109375 ;
49.75 | 21.8171875 ;
49.75 | 24.4859375 ;
49.8125 | 20.58125 ;
49.75 | 27.1875 ;
49.8125 | 20.6578125 ;
49.875 | 19.3671875 ;
49.9375 | 18.065625 ;
49.9375 | 20.7015625 ;
50.0 | 16.7640625 ;
50.0 | 19.3890625 ;
50.0625 | 15.440625 ;
50.125 | 14.10625 ;
50.125 | 16.709375 ;
50.1875 | 12.7390625 ;
50.25 | 11.3828125 ;
50.3125 | 10.015625 ;
50.25 | 16.534375 ;
50.3125 | 9.9171875 ;
50.3125 | 12.4875 ;
50.3125 | 12.4328125 ;
50.375 | 8.4296875 ;
50.375 | 10.9890625 ;
50.375 | 10.9234375 ;
50.375 | 10.8578125 ;
50.375 | 10.7921875 ;
50.375 | 10.7265625 ;
50.375 | 10.6609375 ;
50.3125 | 14.54375 ;
50.25 | 15.8125 ;
50.25 | 13.14375 ;
50.1875 | 17.0484375 ;
50.25 | 10.4421875 ;
50.125 | 20.9203125 ;
50.125 | 15.6484375 ;
50.125 | 15.6265625 ;
50.0625 | 19.553125 ;
50.0 | 20.865625 ;
50.0 | 18.240625 ;
49.9375 | 22.1890625 ;
49.9375 | 19.575 ;
49.875 | 23.534375 ;
49.8125 | 24.8796875 ;
49.8125 | 22.2875 ;
49.75 | 26.26875 ;
49.75 | 23.6875 ;
49.6875 | 27.6796875 ;
49.6875 | 25.109375 ;
49.6875 | 25.1640625 ;
49.6875 | 25.21875 ;
49.6875 | 25.2734375 ;
49.6875 | 25.328125 ;
49.6875 | 25.3828125 ;
49.6875 | 25.4375 ;
49.6875 | 25.4921875 ;
49.6875 | 25.546875 ;
49.75 | 21.653125 ;
49.75 | 24.321875 ;
49.8125 | 20.4171875 ;
49.875 | 19.1265625 ;
49.875 | 21.7734375 ;
49.875 | 21.7953125 ;
49.9375 | 17.86875 ;
50.0 | 16.55625 ;
50.0 | 19.18125 ;
50.0625 | 15.2328125 ;
50.125 | 13.8984375 ;
50.125 | 16.5015625 ;
50.1875 | 12.53125 ;
50.1875 | 15.1234375 ;
50.25 | 11.1421875 ;
50.25 | 13.7234375 ;
50.3125 | 9.73125 ;
50.3125 | 12.3015625 ;
50.375 | 8.2984375 ;
50.375 | 10.8578125 ;
50.4375 | 6.84375 ;
50.4375 | 9.3921875 ;
50.4375 | 9.315625 ;
50.375 | 13.1875 ;
50.375 | 10.496875 ;
50.4375 | 6.4828125 ;
50.375 | 12.9796875 ;
50.3125 | 14.2375 ;
50.3125 | 11.5578125 ;
50.3125 | 11.503125 ;
50.25 | 15.396875 ;
50.25 | 12.728125 ;
50.1875 | 16.6328125 ;
50.1875 | 13.975 ;
50.125 | 17.890625 ;
50.0625 | 19.1921875 ;
50.0625 | 16.55625 ;
50.0 | 20.49375 ;
49.9375 | 21.8171875 ;
49.9375 | 19.203125 ;
49.875 | 23.1625 ;
49.875 | 20.559375 ;
49.8125 | 24.5296875 ;
49.75 | 25.8859375 ;
49.6875 | 27.253125 ;
49.6875 | 24.6828125 ;
49.6875 | 24.7375 ;
49.625 | 28.740625 ;
49.625 | 26.18125 ;
49.625 | 26.246875 ;
49.625 | 26.3125 ;
49.625 | 26.378125 ;
49.6875 | 22.4953125 ;
49.6875 | 25.175 ;
49.6875 | 25.2296875 ;
49.75 | 21.3359375 ;
49.75 | 24.0046875 ;
49.8125 | 20.1 ;
49.8125 | 22.7578125 ;
49.875 | 18.8421875 ;
49.875 | 21.4890625 ;
49.9375 | 17.5625 ;
50.0 | 16.25 ;
50.0625 | 14.9265625 ;
50.0625 | 17.540625 ;
50.125 | 13.58125 ;
50.125 | 16.184375 ;
50.1875 | 12.2140625 ;
50.1875 | 14.80625 ;
50.25 | 10.825 ;
50.25 | 13.40625 ;
50.3125 | 9.4140625 ;
50.25 | 15.9328125 ;
50.3125 | 9.315625 ;
50.375 | 7.9375 ;
50.3125 | 14.4453125 ;
50.375 | 7.8171875 ;
50.3125 | 14.325 ;
50.375 | 7.696875 ;
50.375 | 10.25625 ;
50.375 | 10.190625 ;
50.3125 | 14.0734375 ;
50.25 | 15.3421875 ;
50.25 | 12.6734375 ;
50.25 | 12.6296875 ;
50.1875 | 16.534375 ;
50.1875 | 13.8765625 ;
50.125 | 17.7921875 ;
50.125 | 15.1453125 ;
50.125 | 15.1234375 ;
50.0 | 22.9984375 ;
50.0 | 17.7484375 ;
49.9375 | 21.696875 ;
49.875 | 23.03125 ;
49.875 | 20.428125 ;
49.8125 | 24.3984375 ;
49.75 | 25.7546875 ;
49.75 | 23.1734375 ;
49.6875 | 27.165625 ;
49.6875 | 24.5953125 ;
49.6875 | 24.65 ;
49.625 | 28.653125 ;
49.625 | 26.09375 ;
49.625 | 26.159375 ;
49.625 | 26.225 ;
49.625 | 26.290625 ;
49.6875 | 22.4078125 ;
49.625 | 29.0359375 ;
49.6875 | 22.528125 ;
49.6875 | 25.2078125 ;
49.6875 | 25.2625 ;
49.75 | 21.36875 ;
49.75 | 24.0375 ;
49.8125 | 20.1328125 ;
49.875 | 18.8421875 ;
49.875 | 21.4890625 ;
49.875 | 21.5109375 ;
49.9375 | 17.584375 ;
50.0 | 16.271875 ;
50.0625 | 14.9484375 ;
50.125 | 13.6140625 ;
50.1875 | 12.26875 ;
50.1875 | 14.8609375 ;
50.25 | 10.8796875 ;
50.3125 | 9.5125 ;
50.3125 | 12.0828125 ;
50.375 | 8.0796875 ;
50.375 | 10.6390625 ;
50.375 | 10.5734375 ;
50.375 | 10.5078125 ;
50.375 | 10.4421875 ;
50.375 | 10.3765625 ;
50.375 | 10.3109375 ;
50.375 | 10.2453125 ;
50.375 | 10.1796875 ;
50.375 | 10.1140625 ;
50.3125 | 13.996875 ;
50.25 | 15.265625 ;
50.25 | 12.596875 ;
50.1875 | 16.5015625 ;
50.1875 | 13.84375 ;
50.125 | 17.759375 ;
50.125 | 15.1125 ;
50.0625 | 19.0390625 ;
50.0 | 20.3515625 ;
50.0 | 17.7265625 ;
49.9375 | 21.675 ;
49.875 | 23.009375 ;
49.875 | 20.40625 ;
49.8125 | 24.3765625 ;
49.8125 | 21.784375 ;
49.75 | 25.765625 ;
49.75 | 23.184375 ;
49.6875 | 27.1765625 ;
49.6875 | 24.60625 ;
49.625 | 28.609375 ;
49.6875 | 22.1015625 ;
49.6875 | 24.78125 ;
49.6875 | 24.8359375 ;
49.6875 | 24.890625 ;
49.6875 | 24.9453125 ;
49.75 | 21.0515625 ;
49.8125 | 19.771875 ;
49.8125 | 22.4296875 ;
49.875 | 18.5140625 ;
49.875 | 21.1609375 ;
49.875 | 21.1828125 ;
49.9375 | 17.25625 ;
49.9375 | 19.8921875 ;
49.9375 | 19.903125 ;
50.0 | 15.965625 ;
50.0625 | 14.6421875 ;
50.125 | 13.3078125 ;
50.125 | 15.9109375 ;
50.125 | 15.8890625 ;
50.25 | 7.9703125 ;
50.25 | 13.1765625 ;
50.25 | 13.1328125 ;
50.25 | 13.0890625 ;
50.3125 | 9.096875 ;
50.375 | 7.71875 ;
50.3125 | 14.2265625 ;
50.3125 | 11.546875 ;
50.375 | 7.54375 ;
50.375 | 10.103125 ;
50.375 | 10.0375 ;
50.375 | 9.971875 ;
50.375 | 9.90625 ;
50.3125 | 13.7890625 ;
50.3125 | 11.109375 ;
50.25 | 15.003125 ;
50.25 | 12.334375 ;
50.1875 | 16.2390625 ;
50.1875 | 13.58125 ;
50.125 | 17.496875 ;
50.125 | 14.85 ;
50.0625 | 18.7765625 ;
50.0 | 20.0890625 ;
49.9375 | 21.4125 ;
49.9375 | 18.7984375 ;
49.9375 | 18.809375 ;
49.875 | 22.76875 ;
49.8125 | 24.1140625 ;
49.75 | 25.4703125 ;
49.75 | 22.8890625 ;
49.75 | 22.9328125 ;
49.6875 | 26.925 ;
49.6875 | 24.3546875 ;
49.6875 | 24.409375 ;
49.6875 | 24.4640625 ;
49.625 | 28.4671875 ;
49.6875 | 21.959375 ;
49.6875 | 24.6390625 ;
49.75 | 20.7453125 ;
49.75 | 23.4140625 ;
49.6875 | 27.40625 ;
49.8125 | 16.9390625 ;
49.8125 | 22.221875 ;
49.875 | 18.30625 ;
49.9375 | 17.0046875 ;
49.9375 | 19.640625 ;
49.9375 | 19.6515625 ;
50.0 | 15.7140625 ;
50.0625 | 14.390625 ;
50.0625 | 17.0046875 ;
50.0625 | 16.99375 ;
50.125 | 13.034375 ;
50.125 | 15.6375 ;
50.1875 | 11.6671875 ;
50.1875 | 14.259375 ;
50.1875 | 14.2265625 ;
50.1875 | 14.19375 ;
50.1875 | 14.1609375 ;
50.25 | 10.1796875 ;
50.25 | 12.7609375 ;
50.25 | 12.7171875 ;
50.25 | 12.6734375 ;
50.25 | 12.6296875 ;
50.25 | 12.5859375 ;
50.1875 | 16.490625 ;
50.25 | 9.884375 ;
50.1875 | 16.4140625 ;
50.1875 | 13.75625 ;
50.1875 | 13.7234375 ;
50.125 | 17.6390625 ;
50.125 | 14.9921875 ;
50.0625 | 18.91875 ;
50.0625 | 16.2828125 ;
50.0625 | 16.271875 ;
50.0 | 20.209375 ;
50.0 | 17.584375 ;
50.0 | 17.584375 ;
49.9375 | 21.5328125 ;
49.875 | 22.8671875 ;
49.875 | 20.2640625 ;
49.8125 | 24.234375 ;
49.8125 | 21.6421875 ;
49.8125 | 21.675 ;
49.8125 | 21.7078125 ;
49.8125 | 21.740625 ;
49.8125 | 21.7734375 ;
49.875 | 17.8578125 ;
49.8125 | 24.453125 ;
49.8125 | 21.8609375 ;
49.8125 | 21.89375 ;
49.8125 | 21.9265625 ;
49.8125 | 21.959375 ;
49.8125 | 21.9921875 ;
49.8125 | 22.025 ;
49.875 | 18.109375 ;
49.875 | 20.75625 ;
49.875 | 20.778125 ;
49.875 | 20.8 ;
49.9375 | 16.8734375 ;
50.0 | 15.5609375 ;
50.0 | 18.1859375 ;
50.0625 | 14.2375 ;
50.0625 | 16.8515625 ;
50.0625 | 16.840625 ;
50.125 | 12.88125 ;
50.125 | 15.484375 ;
50.1875 | 11.5140625 ;
50.125 | 18.0546875 ;
50.125 | 15.4078125 ;
50.125 | 15.3859375 ;
50.1875 | 11.415625 ;
50.1875 | 14.0078125 ;
50.1875 | 13.975 ;
50.1875 | 13.9421875 ;
50.25 | 9.9609375 ;
50.1875 | 16.490625 ;
50.1875 | 13.8328125 ;
50.1875 | 13.8 ;
50.125 | 17.715625 ;
50.125 | 15.06875 ;
50.1875 | 11.0984375 ;
50.125 | 17.6390625 ;
50.125 | 14.9921875 ;
50.0625 | 18.91875 ;
50.0625 | 16.2828125 ;
50.0625 | 16.271875 ;
50.0625 | 16.2609375 ;
50.0625 | 16.25 ;
50.0 | 20.1875 ;
50.0 | 17.5625 ;
49.9375 | 21.5109375 ;
49.9375 | 18.896875 ;
49.9375 | 18.9078125 ;
49.875 | 22.8671875 ;
49.875 | 20.2640625 ;
49.875 | 20.2859375 ;
49.875 | 20.3078125 ;
49.8125 | 24.278125 ;
49.8125 | 21.6859375 ;
49.8125 | 21.71875 ;
49.8125 | 21.7515625 ;
49.8125 | 21.784375 ;
49.8125 | 21.8171875 ;
49.8125 | 21.85 ;
49.8125 | 21.8828125 ;
49.875 | 17.9671875 ;
49.875 | 20.6140625 ;
49.8125 | 24.584375 ;
49.875 | 18.04375 ;
49.875 | 20.690625 ;
49.875 | 20.7125 ;
49.875 | 20.734375 ;
49.9375 | 16.8078125 ;
49.9375 | 19.44375 ;
50.0 | 15.50625 ;
50.0 | 18.13125 ;
50.0 | 18.13125 ;
50.0625 | 14.1828125 ;
50.0625 | 16.796875 ;
50.125 | 12.8375 ;
50.125 | 15.440625 ;
50.0625 | 19.3671875 ;
50.125 | 12.7828125 ;
50.125 | 15.3859375 ;
50.125 | 15.3640625 ;
50.1875 | 11.39375 ;
50.1875 | 13.9859375 ;
50.1875 | 13.953125 ;
50.125 | 17.86875 ;
50.1875 | 11.2734375 ;
50.125 | 17.8140625 ;
50.125 | 15.1671875 ;
50.125 | 15.1453125 ;
50.125 | 15.1234375 ;
50.0625 | 19.05 ;
50.0625 | 16.4140625 ;
50.0625 | 16.403125 ;
50.0625 | 16.3921875 ;
50.0625 | 16.38125 ;
50.0 | 20.31875 ;
50.0 | 17.69375 ;
50.0 | 17.69375 ;
49.9375 | 21.6421875 ;
49.9375 | 19.028125 ;
49.9375 | 19.0390625 ;
49.9375 | 19.05 ;
49.9375 | 19.0609375 ;
49.875 | 23.0203125 ;
49.875 | 20.4171875 ;
49.875 | 20.4390625 ;
49.875 | 20.4609375 ;
49.875 | 20.4828125 ;
49.875 | 20.5046875 ;
49.875 | 20.5265625 ;
49.875 | 20.5484375 ;
49.9375 | 16.621875 ;
49.9375 | 19.2578125 ;
49.9375 | 19.26875 ;
49.9375 | 19.2796875 ;
50.0 | 15.3421875 ;
50.0 | 17.9671875 ;
50.0 | 17.9671875 ;
50.0 | 17.9671875 ;
50.0 | 17.9671875 ;
50.0625 | 14.01875 ;
50.0625 | 16.6328125 ;
50.0625 | 16.621875 ;
50.0625 | 16.6109375 ;
50.0625 | 16.6 ;
50.0 | 20.5375 ;
50.0625 | 13.9640625 ;
50.0625 | 16.578125 ;
50.0625 | 16.5671875 ;
50.0625 | 16.55625 ;
50.0625 | 16.5453125 ;
50.0625 | 16.534375 ;
50.0625 | 16.5234375 ;
50.0625 | 16.5125 ;
50.0625 | 16.5015625 ;
50.0625 | 16.490625 ;
50.0625 | 16.4796875 ;
50.0625 | 16.46875 ;
